&OUTGRIDN
 OUTLON0N= -15.0000000    ,
 OUTLAT0N=  30.0000000    ,
 NUMXGRIDN=220        ,
 NUMYGRIDN=168        ,
 DXOUTN= 0.250000000    ,
 DYOUTN= 0.250000000    ,
 /
